 Running CPU instructions in double precision. 
 ++++ Using symmetry group I2, with the following 60 transformation matrices:
 R(1)= 
            1             0             0 
            0             1             0 
            0             0             1 
 R(2)= 
           -1             0             0 
            0            -1             0 
            0             0             1 
     Euler angles: 0 0 -180
 R(3)= 
          0.5       0.80902       0.30902 
     -0.80902       0.30902           0.5 
      0.30902          -0.5       0.80902 
     Euler angles: -58.2825 36 121.717
 R(4)= 
     -0.30902           0.5       0.80902 
         -0.5      -0.80902       0.30902 
      0.80902      -0.30902           0.5 
     Euler angles: -20.9052 60 159.095
 R(5)= 
     -0.30902          -0.5       0.80902 
          0.5      -0.80902      -0.30902 
      0.80902       0.30902           0.5 
     Euler angles: 20.9052 60 -159.095
 R(6)= 
          0.5      -0.80902       0.30902 
      0.80902       0.30902          -0.5 
      0.30902           0.5       0.80902 
     Euler angles: 58.2825 36 -121.717
 R(7)= 
         -0.5       0.80902      -0.30902 
     -0.80902      -0.30902           0.5 
      0.30902           0.5       0.80902 
     Euler angles: 58.2825 36 58.2825
 R(8)= 
         -0.5      -0.80902       0.30902 
      0.80902      -0.30902           0.5 
     -0.30902           0.5       0.80902 
     Euler angles: 121.717 36 121.717
 R(9)= 
         -0.5      -0.80902      -0.30902 
      0.80902      -0.30902          -0.5 
      0.30902          -0.5       0.80902 
     Euler angles: -58.2825 36 -58.2825
 R(10)= 
      0.30902          -0.5      -0.80902 
          0.5       0.80902      -0.30902 
      0.80902      -0.30902           0.5 
     Euler angles: -20.9052 60 -20.9052
 R(11)= 
      0.30902          -0.5       0.80902 
          0.5       0.80902       0.30902 
     -0.80902       0.30902           0.5 
     Euler angles: 159.095 60 159.095
 R(12)= 
      0.30902           0.5      -0.80902 
         -0.5       0.80902       0.30902 
      0.80902       0.30902           0.5 
     Euler angles: 20.9052 60 20.9052
 R(13)= 
      0.30902           0.5       0.80902 
         -0.5       0.80902      -0.30902 
     -0.80902      -0.30902           0.5 
     Euler angles: -159.095 60 -159.095
 R(14)= 
         -0.5       0.80902       0.30902 
     -0.80902      -0.30902          -0.5 
     -0.30902          -0.5       0.80902 
     Euler angles: -121.717 36 -121.717
 R(15)= 
     -0.80902       0.30902           0.5 
      0.30902          -0.5       0.80902 
          0.5       0.80902       0.30902 
     Euler angles: 58.2825 72 121.717
 R(16)= 
            0             0             1 
            1             0             0 
            0             1             0 
     Euler angles: 90 90 180
 R(17)= 
      0.80902       0.30902           0.5 
      0.30902           0.5      -0.80902 
         -0.5       0.80902       0.30902 
     Euler angles: 121.717 72 -121.717
 R(18)= 
          0.5       0.80902      -0.30902 
     -0.80902       0.30902          -0.5 
     -0.30902           0.5       0.80902 
     Euler angles: 121.717 36 -58.2825
 R(19)= 
          0.5      -0.80902      -0.30902 
      0.80902       0.30902           0.5 
     -0.30902          -0.5       0.80902 
     Euler angles: -121.717 36 58.2825
 R(20)= 
            0             1             0 
            0             0             1 
            1             0             0 
     Euler angles: 0 90 90
 R(21)= 
      0.80902       0.30902          -0.5 
      0.30902           0.5       0.80902 
          0.5      -0.80902       0.30902 
     Euler angles: -58.2825 72 58.2825
 R(22)= 
      0.80902      -0.30902           0.5 
     -0.30902           0.5       0.80902 
         -0.5      -0.80902       0.30902 
     Euler angles: -121.717 72 121.717
 R(23)= 
            0             0             1 
           -1             0             0 
            0            -1             0 
     Euler angles: -90 90 180
 R(24)= 
     -0.80902      -0.30902           0.5 
     -0.30902          -0.5      -0.80902 
          0.5      -0.80902       0.30902 
     Euler angles: -58.2825 72 -121.717
 R(25)= 
     -0.30902           0.5      -0.80902 
         -0.5      -0.80902      -0.30902 
     -0.80902       0.30902           0.5 
     Euler angles: 159.095 60 -20.9052
 R(26)= 
      0.80902      -0.30902          -0.5 
     -0.30902           0.5      -0.80902 
          0.5       0.80902       0.30902 
     Euler angles: 58.2825 72 -58.2825
 R(27)= 
      0.80902       0.30902           0.5 
     -0.30902          -0.5       0.80902 
          0.5      -0.80902      -0.30902 
     Euler angles: -58.2825 108 121.717
 R(28)= 
      0.30902          -0.5       0.80902 
         -0.5      -0.80902      -0.30902 
      0.80902      -0.30902          -0.5 
     Euler angles: -20.9052 120 -159.095
 R(29)= 
            0            -1             0 
            0             0            -1 
            1             0             0 
     Euler angles: 0 90 -90
 R(30)= 
     -0.80902      -0.30902          -0.5 
      0.30902           0.5      -0.80902 
          0.5      -0.80902      -0.30902 
     Euler angles: -58.2825 108 -58.2825
 R(31)= 
     -0.80902       0.30902          -0.5 
      0.30902          -0.5      -0.80902 
         -0.5      -0.80902       0.30902 
     Euler angles: -121.717 72 -58.2825
 R(32)= 
     -0.30902          -0.5      -0.80902 
          0.5      -0.80902       0.30902 
     -0.80902      -0.30902           0.5 
     Euler angles: -159.095 60 20.9052
 R(33)= 
            0             0            -1 
           -1             0             0 
            0             1             0 
     Euler angles: 90 90 0
 R(34)= 
     -0.80902      -0.30902          -0.5 
     -0.30902          -0.5       0.80902 
         -0.5       0.80902       0.30902 
     Euler angles: 121.717 72 58.2825
 R(35)= 
     -0.80902      -0.30902           0.5 
      0.30902           0.5       0.80902 
         -0.5       0.80902      -0.30902 
     Euler angles: 121.717 108 121.717
 R(36)= 
      0.30902           0.5       0.80902 
          0.5      -0.80902       0.30902 
      0.80902       0.30902          -0.5 
     Euler angles: 20.9052 120 159.095
 R(37)= 
      0.80902      -0.30902           0.5 
      0.30902          -0.5      -0.80902 
          0.5       0.80902      -0.30902 
     Euler angles: 58.2825 108 -121.717
 R(38)= 
     -0.30902          -0.5      -0.80902 
         -0.5       0.80902      -0.30902 
      0.80902       0.30902          -0.5 
     Euler angles: 20.9052 120 -20.9052
 R(39)= 
     -0.80902       0.30902          -0.5 
     -0.30902           0.5       0.80902 
          0.5       0.80902      -0.30902 
     Euler angles: 58.2825 108 58.2825
 R(40)= 
     -0.30902           0.5      -0.80902 
          0.5       0.80902       0.30902 
      0.80902      -0.30902          -0.5 
     Euler angles: -20.9052 120 20.9052
 R(41)= 
            0             0            -1 
            1             0             0 
            0            -1             0 
     Euler angles: -90 90 0
 R(42)= 
            0            -1             0 
            0             0             1 
           -1             0             0 
     Euler angles: 180 90 90
 R(43)= 
     -0.30902          -0.5       0.80902 
         -0.5       0.80902       0.30902 
     -0.80902      -0.30902          -0.5 
     Euler angles: -159.095 120 159.095
 R(44)= 
     -0.80902       0.30902           0.5 
     -0.30902           0.5      -0.80902 
         -0.5      -0.80902      -0.30902 
     Euler angles: -121.717 108 -121.717
 R(45)= 
     -0.30902           0.5       0.80902 
          0.5       0.80902      -0.30902 
     -0.80902       0.30902          -0.5 
     Euler angles: 159.095 120 -159.095
 R(46)= 
            0             1             0 
            0             0            -1 
           -1             0             0 
     Euler angles: 180 90 -90
 R(47)= 
         -0.5       0.80902       0.30902 
      0.80902       0.30902           0.5 
      0.30902           0.5      -0.80902 
     Euler angles: 58.2825 144 121.717
 R(48)= 
          0.5       0.80902       0.30902 
      0.80902      -0.30902          -0.5 
     -0.30902           0.5      -0.80902 
     Euler angles: 121.717 144 -121.717
 R(49)= 
      0.80902       0.30902          -0.5 
     -0.30902          -0.5      -0.80902 
         -0.5       0.80902      -0.30902 
     Euler angles: 121.717 108 -58.2825
 R(50)= 
          0.5       0.80902      -0.30902 
      0.80902      -0.30902           0.5 
      0.30902          -0.5      -0.80902 
     Euler angles: -58.2825 144 58.2825
 R(51)= 
      0.80902      -0.30902          -0.5 
      0.30902          -0.5       0.80902 
         -0.5      -0.80902      -0.30902 
     Euler angles: -121.717 108 58.2825
 R(52)= 
          0.5      -0.80902       0.30902 
     -0.80902      -0.30902           0.5 
     -0.30902          -0.5      -0.80902 
     Euler angles: -121.717 144 121.717
 R(53)= 
         -0.5      -0.80902       0.30902 
     -0.80902       0.30902          -0.5 
      0.30902          -0.5      -0.80902 
     Euler angles: -58.2825 144 -121.717
 R(54)= 
            1             0             0 
            0            -1             0 
            0             0            -1 
     Euler angles: 0 180 180
 R(55)= 
          0.5      -0.80902      -0.30902 
     -0.80902      -0.30902          -0.5 
      0.30902           0.5      -0.80902 
     Euler angles: 58.2825 144 -58.2825
 R(56)= 
      0.30902          -0.5      -0.80902 
         -0.5      -0.80902       0.30902 
     -0.80902       0.30902          -0.5 
     Euler angles: 159.095 120 20.9052
 R(57)= 
         -0.5      -0.80902      -0.30902 
     -0.80902       0.30902           0.5 
     -0.30902           0.5      -0.80902 
     Euler angles: 121.717 144 58.2825
 R(58)= 
         -0.5       0.80902      -0.30902 
      0.80902       0.30902          -0.5 
     -0.30902          -0.5      -0.80902 
     Euler angles: -121.717 144 -58.2825
 R(59)= 
      0.30902           0.5      -0.80902 
          0.5      -0.80902      -0.30902 
     -0.80902      -0.30902          -0.5 
     Euler angles: -159.095 120 -20.9052
 R(60)= 
           -1             0             0 
            0             1             0 
            0             0            -1 
     Euler angles: 0 180 0
