 Running CPU instructions in double precision. 
 ++++ Using symmetry group I1, with the following 60 transformation matrices:
 R(1)= 
            1             0             0 
            0             1             0 
            0             0             1 
 R(2)= 
            1             0             0 
            0            -1             0 
            0             0            -1 
     Euler angles: 0 180 180
 R(3)= 
      0.80902          -0.5      -0.30902 
          0.5       0.30902       0.80902 
     -0.30902      -0.80902           0.5 
     Euler angles: -110.905 60 69.0948
 R(4)= 
          0.5      -0.30902      -0.80902 
      0.30902      -0.80902           0.5 
     -0.80902          -0.5      -0.30902 
     Euler angles: -148.283 108 31.7175
 R(5)= 
          0.5       0.30902      -0.80902 
     -0.30902      -0.80902          -0.5 
     -0.80902           0.5      -0.30902 
     Euler angles: 148.283 108 -31.7175
 R(6)= 
      0.80902           0.5      -0.30902 
         -0.5       0.30902      -0.80902 
     -0.30902       0.80902           0.5 
     Euler angles: 110.905 60 -69.0948
 R(7)= 
      0.80902           0.5      -0.30902 
          0.5      -0.30902       0.80902 
      0.30902      -0.80902          -0.5 
     Euler angles: -69.0948 120 69.0948
 R(8)= 
      0.80902           0.5       0.30902 
          0.5      -0.30902      -0.80902 
     -0.30902       0.80902          -0.5 
     Euler angles: 110.905 120 -110.905
 R(9)= 
      0.80902          -0.5      -0.30902 
         -0.5      -0.30902      -0.80902 
      0.30902       0.80902          -0.5 
     Euler angles: 69.0948 120 -69.0948
 R(10)= 
          0.5      -0.30902      -0.80902 
     -0.30902       0.80902          -0.5 
      0.80902           0.5       0.30902 
     Euler angles: 31.7175 72 -31.7175
 R(11)= 
          0.5       0.30902       0.80902 
      0.30902       0.80902          -0.5 
     -0.80902           0.5       0.30902 
     Euler angles: 148.283 72 -148.283
 R(12)= 
          0.5       0.30902      -0.80902 
      0.30902       0.80902           0.5 
      0.80902          -0.5       0.30902 
     Euler angles: -31.7175 72 31.7175
 R(13)= 
          0.5      -0.30902       0.80902 
     -0.30902       0.80902           0.5 
     -0.80902          -0.5       0.30902 
     Euler angles: -148.283 72 148.283
 R(14)= 
      0.80902          -0.5       0.30902 
         -0.5      -0.30902       0.80902 
     -0.30902      -0.80902          -0.5 
     Euler angles: -110.905 120 110.905
 R(15)= 
      0.30902       0.80902          -0.5 
      0.80902          -0.5      -0.30902 
         -0.5      -0.30902      -0.80902 
     Euler angles: -148.283 144 -31.7175
 R(16)= 
            0             1             0 
            0             0            -1 
           -1             0             0 
     Euler angles: 180 90 -90
 R(17)= 
      0.30902       0.80902           0.5 
     -0.80902           0.5      -0.30902 
         -0.5      -0.30902       0.80902 
     Euler angles: -148.283 36 -148.283
 R(18)= 
      0.80902           0.5       0.30902 
         -0.5       0.30902       0.80902 
      0.30902      -0.80902           0.5 
     Euler angles: -69.0948 60 110.905
 R(19)= 
      0.80902          -0.5       0.30902 
          0.5       0.30902      -0.80902 
      0.30902       0.80902           0.5 
     Euler angles: 69.0948 60 -110.905
 R(20)= 
            0             0            -1 
            1             0             0 
            0            -1             0 
     Euler angles: -90 90 0
 R(21)= 
      0.30902      -0.80902          -0.5 
      0.80902           0.5      -0.30902 
          0.5      -0.30902       0.80902 
     Euler angles: -31.7175 36 -31.7175
 R(22)= 
      0.30902      -0.80902           0.5 
      0.80902           0.5       0.30902 
         -0.5       0.30902       0.80902 
     Euler angles: 148.283 36 148.283
 R(23)= 
            0            -1             0 
            0             0             1 
           -1             0             0 
     Euler angles: 180 90 90
 R(24)= 
      0.30902      -0.80902          -0.5 
     -0.80902          -0.5       0.30902 
         -0.5       0.30902      -0.80902 
     Euler angles: 148.283 144 31.7175
 R(25)= 
          0.5       0.30902       0.80902 
     -0.30902      -0.80902           0.5 
      0.80902          -0.5      -0.30902 
     Euler angles: -31.7175 108 148.283
 R(26)= 
      0.30902       0.80902          -0.5 
     -0.80902           0.5       0.30902 
          0.5       0.30902       0.80902 
     Euler angles: 31.7175 36 31.7175
 R(27)= 
     -0.30902      -0.80902          -0.5 
      0.80902          -0.5       0.30902 
         -0.5      -0.30902       0.80902 
     Euler angles: -148.283 36 31.7175
 R(28)= 
         -0.5      -0.30902      -0.80902 
     -0.30902      -0.80902           0.5 
     -0.80902           0.5       0.30902 
     Euler angles: 148.283 72 31.7175
 R(29)= 
            0             0            -1 
           -1             0             0 
            0             1             0 
     Euler angles: 90 90 0
 R(30)= 
     -0.30902      -0.80902          -0.5 
     -0.80902           0.5      -0.30902 
          0.5       0.30902      -0.80902 
     Euler angles: 31.7175 144 -31.7175
 R(31)= 
      0.30902      -0.80902           0.5 
     -0.80902          -0.5      -0.30902 
          0.5      -0.30902      -0.80902 
     Euler angles: -31.7175 144 -148.283
 R(32)= 
          0.5      -0.30902       0.80902 
      0.30902      -0.80902          -0.5 
      0.80902           0.5      -0.30902 
     Euler angles: 31.7175 108 -148.283
 R(33)= 
            0             1             0 
            0             0             1 
            1             0             0 
     Euler angles: 0 90 90
 R(34)= 
      0.30902       0.80902           0.5 
      0.80902          -0.5       0.30902 
          0.5       0.30902      -0.80902 
     Euler angles: 31.7175 144 148.283
 R(35)= 
     -0.30902       0.80902           0.5 
      0.80902           0.5      -0.30902 
         -0.5       0.30902      -0.80902 
     Euler angles: 148.283 144 -148.283
 R(36)= 
         -0.5       0.30902      -0.80902 
      0.30902      -0.80902          -0.5 
     -0.80902          -0.5       0.30902 
     Euler angles: -148.283 72 -31.7175
 R(37)= 
     -0.30902       0.80902          -0.5 
     -0.80902          -0.5      -0.30902 
         -0.5       0.30902       0.80902 
     Euler angles: 148.283 36 -31.7175
 R(38)= 
         -0.5       0.30902      -0.80902 
     -0.30902       0.80902           0.5 
      0.80902           0.5      -0.30902 
     Euler angles: 31.7175 108 31.7175
 R(39)= 
     -0.30902       0.80902          -0.5 
      0.80902           0.5       0.30902 
          0.5      -0.30902      -0.80902 
     Euler angles: -31.7175 144 31.7175
 R(40)= 
         -0.5      -0.30902      -0.80902 
      0.30902       0.80902          -0.5 
      0.80902          -0.5      -0.30902 
     Euler angles: -31.7175 108 -31.7175
 R(41)= 
            0            -1             0 
            0             0            -1 
            1             0             0 
     Euler angles: 0 90 -90
 R(42)= 
            0             0             1 
            1             0             0 
            0             1             0 
     Euler angles: 90 90 180
 R(43)= 
         -0.5      -0.30902       0.80902 
      0.30902       0.80902           0.5 
     -0.80902           0.5      -0.30902 
     Euler angles: 148.283 108 148.283
 R(44)= 
     -0.30902      -0.80902           0.5 
     -0.80902           0.5       0.30902 
         -0.5      -0.30902      -0.80902 
     Euler angles: -148.283 144 148.283
 R(45)= 
         -0.5       0.30902       0.80902 
     -0.30902       0.80902          -0.5 
     -0.80902          -0.5      -0.30902 
     Euler angles: -148.283 108 -148.283
 R(46)= 
            0             0             1 
           -1             0             0 
            0            -1             0 
     Euler angles: -90 90 180
 R(47)= 
     -0.80902           0.5      -0.30902 
          0.5       0.30902      -0.80902 
     -0.30902      -0.80902          -0.5 
     Euler angles: -110.905 120 -69.0948
 R(48)= 
     -0.80902           0.5       0.30902 
         -0.5      -0.30902      -0.80902 
     -0.30902      -0.80902           0.5 
     Euler angles: -110.905 60 -110.905
 R(49)= 
     -0.30902       0.80902           0.5 
     -0.80902          -0.5       0.30902 
          0.5      -0.30902       0.80902 
     Euler angles: -31.7175 36 148.283
 R(50)= 
     -0.80902          -0.5      -0.30902 
          0.5      -0.30902      -0.80902 
      0.30902      -0.80902           0.5 
     Euler angles: -69.0948 60 -69.0948
 R(51)= 
     -0.30902      -0.80902           0.5 
      0.80902          -0.5      -0.30902 
          0.5       0.30902       0.80902 
     Euler angles: 31.7175 36 -148.283
 R(52)= 
     -0.80902          -0.5       0.30902 
          0.5      -0.30902       0.80902 
     -0.30902       0.80902           0.5 
     Euler angles: 110.905 60 110.905
 R(53)= 
     -0.80902          -0.5      -0.30902 
         -0.5       0.30902       0.80902 
     -0.30902       0.80902          -0.5 
     Euler angles: 110.905 120 69.0948
 R(54)= 
           -1             0             0 
            0            -1             0 
            0             0             1 
     Euler angles: 0 0 -180
 R(55)= 
     -0.80902           0.5      -0.30902 
         -0.5      -0.30902       0.80902 
      0.30902       0.80902           0.5 
     Euler angles: 69.0948 60 69.0948
 R(56)= 
         -0.5       0.30902       0.80902 
      0.30902      -0.80902           0.5 
      0.80902           0.5       0.30902 
     Euler angles: 31.7175 72 148.283
 R(57)= 
     -0.80902           0.5       0.30902 
          0.5       0.30902       0.80902 
      0.30902       0.80902          -0.5 
     Euler angles: 69.0948 120 110.905
 R(58)= 
     -0.80902          -0.5       0.30902 
         -0.5       0.30902      -0.80902 
      0.30902      -0.80902          -0.5 
     Euler angles: -69.0948 120 -110.905
 R(59)= 
         -0.5      -0.30902       0.80902 
     -0.30902      -0.80902          -0.5 
      0.80902          -0.5       0.30902 
     Euler angles: -31.7175 72 -148.283
 R(60)= 
           -1             0             0 
            0             1             0 
            0             0            -1 
     Euler angles: 0 180 0
